v2.0 raw
20000000 27835220 3000000 3000000 3000000 3000000 3000000 3000000
3000000 3000000 3000000 3000000 3000000 3000000 3000000 3000000
20835048 3000000 3000000 71035021 3000000 11014800 3000000 3000000
3000000 3000000 3000000 3000000 3000000 3000000 3000000 3000000
70814008 6083600c 1183c00a 21035048 1c03c008 1183c00a 73036048 6883c00a
1d814048 22835008 41814008 2383c00a 1e035048 3000000 3000000 3000000
2003c214 2003f214 2000c214 2001c214 20014014 10814010 12014800 20014214
38014014 2003c014 1403d014 16014014 26814014 3000000 3000000 3000000
1bc00001 60035025 4883c021 25014021 15014023 60035021 72035021 1c835021
72835021 75835021 61835021 76035021 40835021 3000000 48835021 3000000
3000000 3000000 3000000 3000000 3000000 3000000 4a03604a 3000000
1a035048 3000000 3000000 3000000 3000000 3000000 1003600a 7003604a
3000000 3000000 3000000 7383604a 3000000 3000000 3000000 3000000
3000000 3000000 3000000 3000000 3000000 3000000 3000000 2303604a
3000000 3000000 3000000 3000000 3000000 3000000 3000000 3000000
3000000 3000000 3000000 3000000 3000000 74036048 3000000 74835048
20014080 1481408a 1a014080 15814800 3000000 3000000 3000000 3000000
3000000 3000000 3000000 3000000 3000000 3000000 3000000 400000
20000000 914000 93f000 60000000 41000000 914000 3000000 3000000
6803600a 3000000 6a03600a 3000000 3000000 3000000 1303600a 3000000
3000000 3000000 3000000 3000000 3000000 3000000 24836400 3000000
3000000 3000000 3000000 4a81404a 3000000 3000000 3000000 3000000
3000000 3000000 3000000 3000000 3000000 75035021 3000000 3000000
3000000 3000000 3000000 3000000 3000000 3000000 3000000 20014200
20018200 49014200 6283f200 48035021 26035208 49814200 4b014200 3000000
3000000 3000000 3000000 3000000 3000000 3000000 3000000 61014400
22035400 63014400 3000000 63814400 3000000 3000000 3000000 3000000
3000000 3000000 3000000 3000000 3000000 3000000 3000000 18014800
1a814804 7189c800 12814800 24014800 76894800 69014802 18814800 19014800
19814800 77094800 77894800 78094800 2181c800 1381c800 2581c800 1d01c800
3000000 3000000 3000000 3000000 3000000 3000000 3000000 3000000
3000000 3000000 3000000 3000000 3000000 3000000 3000000 3000000
24836400 3000000 3000000 3000000 3000000 3000000 3000000 3000000
3000000 3000000 3000000 3000000 3000000 3000000 3000000 3000000
3000000 3000000 3000000 3000000 91035021 3000000 3000000 3000000
3000000 3000000 3000000 3000000 3000000 3000000 3000000 3000000
3000000 91894800 a101c800 9c094800 3000000 3000000 3000000 3000000
3000000 3000000 3000000 3000000 3000000 3000000 3000000 3000000
3000000 3000000 3000000 3000000 3000000 92035021 3000000 b801c800
3000000 3000000 3000000 3000000 3000000 3000000 3000000 3000000
3000000 1183c00a 3000000 3000000 3000000 3000000 3000000 3000000
3000000 3000000 3000000 3000000 3000000 3000000 3000000 3000000
3000000 3000000 3000000 3000000 3000000 3000000 3000000 3000000
3000000 3000000 3000000 3000000 3000000 3000000 3000000 3000000
3000000 3000000 3000000 3000000 3000000 3000000 3000000 3000000
3000000 3000000 3000000 3000000 3000000 3000000 1c03c008