v2.0 raw
0 1 0 0 0 0 0 0
0 0 0 0 0 0 0 0
4 0 0 1 0 5 0 0
0 0 0 0 0 0 0 0
4 4 3 4 3 6 4 6
0 5 4 3 4 0 0 0
0 0 0 0 7 7 5 2
7 2 4 8 5 0 0 0
0 1 8 0 0 1 1 1
1 1 1 1 1 0 1 0
0 0 0 0 0 0 4 0
4 0 0 0 0 0 4 4
0 0 0 4 0 0 0 0
0 0 0 0 0 0 0 4
0 0 0 0 0 0 0 0
0 0 0 0 0 4 0 4
7 0 0 5 0 0 0 0
0 0 0 0 0 0 0 0
0 8 8 0 0 8 0 0
4 0 4 0 0 0 4 0
0 0 0 0 0 0 1 0
0 0 0 5 0 0 0 0
0 0 0 0 0 1 0 0
0 0 0 0 0 0 0 0
0 0 4 1 7 0 0 0
0 0 0 0 0 0 0 7
1 7 0 7 0 0 0 0
0 0 0 0 0 0 0 7
0 3 3 0 2 0 7 7
7 3 3 3 3 3 3 3
0 0 0 0 0 0 0 0
0 0 0 0 0 0 0 0
1 0 0 0 0 0 0 0
0 0 0 0 0 0 0 0
0 0 0 0 1 0 0 0
0 0 0 0 0 0 0 0
0 3 3 3 0 0 0 0
0 0 0 0 0 0 0 0
0 0 0 0 0 1 0 3
0 0 0 0 0 0 0 0
0 5 0 0 0 0 0 0
0 0 0 0 0 0 0 0
0 0 0 0 0 0 0 0
0 0 0 0 0 0 0 0
0 0 0 0 0 0 0 0
0 0 0 0 0 0 5